1018975.1798157662
731512.6651221256
704799.6805513799
691427.8013502682
681020.2603598246
670652.3065178365
659536.1074399226
649201.3375789464
640201.6899599095
632503.3176663907
625748.3393274087
619971.7957278118
614864.7080377929
610406.636918884
606396.1926590858
602862.342520032
599698.4247457971
596852.1083087492
594299.9971074995
591972.3206067565
589873.0439846165
587906.1615877456
586116.9920323275
584487.229399573
582986.9845997245
581575.2940066169
580229.8902789047
579034.6204987192
577875.5767630388
576799.1701888342
575777.3577484738
574839.0787339439
573946.3313328272
